function pacejkaParam = loadPacejkaParam()

%% Tyre data for Hoosier 18x6-10 LCO, pressure = 12 psi, from TTC. 
%% Fitted coeffs of Magic Formula computed in Matlab

pacejkaParam.rBy1 = 0.141655485377603583e2;
pacejkaParam.rBy2 = 0.132919779719267215e2;
pacejkaParam.rBy3 = -0.499338655070305060e0;
pacejkaParam.rBy4 = 0.0e0;
pacejkaParam.rCy1 = 0.979136167579569450e0;
pacejkaParam.rEy1 = 0.0e0;
pacejkaParam.rEy2 = 0.0e0;
pacejkaParam.rHy1 = 0.298165069376798257e-1;
pacejkaParam.rHy2 = 0.0e0;
pacejkaParam.rVy1 = -0.237740939096050596e0;
pacejkaParam.rVy2 = 0.0e0;
pacejkaParam.rVy3 = 0.0e0;
pacejkaParam.rVy4 = 0.376811371158386965e1;
pacejkaParam.rVy5 = -0.906119916069003523e-1;
pacejkaParam.rVy6 = 0.283775771964863353e2;
pacejkaParam.rBx1 = 0.233086620367817936e2;
pacejkaParam.rBx2 = 0.194145696771091920e2;
pacejkaParam.rCx1 = 0.926013692178949799e0;
pacejkaParam.rEx1 = 0.0e0;
pacejkaParam.rEx2 = 0.0e0;
pacejkaParam.rHx1 = -0.125774506013462493e-2;
pacejkaParam.pCy1 = 0.154027309068454099e1;
pacejkaParam.pDy1 = 0.243404156744140643e1;
pacejkaParam.pDy2 = -0.274390567365253968e0;
pacejkaParam.pDy3 = 0.516349361588200040e1;
pacejkaParam.pEy1 = 0.346228681636638058e0;
pacejkaParam.pEy2 = -0.278086233494964696e0;
pacejkaParam.pEy3 = 0.883205306970767268e0;
pacejkaParam.pEy4 = -0.420062483943436593e1;
pacejkaParam.pHy1 = -0.489082598162626780e-2;
pacejkaParam.pHy2 = -0.117998967899827860e-2;
pacejkaParam.pHy3 = -0.313517996563903723e-1;
pacejkaParam.pKy1 = -0.296801903969104650e2;
pacejkaParam.pKy2 = -0.101712562049631172e1;
pacejkaParam.pKy3 = 0.134159743861844283e1;
pacejkaParam.pVy1 = 0.476749940408608130e-1;
pacejkaParam.pVy2 = -0.401680086940341061e-1;
pacejkaParam.pVy3 = -0.292370451981899437e1;
pacejkaParam.pVy4 = -0.281666715709585791e1;
pacejkaParam.qBz1 = 0.735347522395674424e1;
pacejkaParam.qBz2 = -0.471595003290210268e1;
pacejkaParam.qBz3 = -0.617019496981862137e1;
pacejkaParam.qBz4 = -0.281057344706274137e0;
pacejkaParam.qBz5 = -0.281558360232466165e0;
pacejkaParam.qBz9 = 0.0e0;
pacejkaParam.qBz10 = 0.0e0;
pacejkaParam.qCz1 = 0.167097884314218659e1;
pacejkaParam.qDz1 = 0.197223329858039587e0;
pacejkaParam.qDz2 = -0.549111816154102678e-1;
pacejkaParam.qDz3 = -0.331843325657877664e1;
pacejkaParam.qDz4 = 0.425363302221465247e2;
pacejkaParam.qDz6 = 0.307532725022004920e-2;
pacejkaParam.qDz7 = 0.171847774709159469e-1;
pacejkaParam.qDz8 = -0.182587609907207016e1;
pacejkaParam.qDz9 = -0.796929452914325709e0;
pacejkaParam.qEz1 = 0.515207229031359293e0;
pacejkaParam.qEz2 = -0.169617162475272587e1;
pacejkaParam.qEz3 = -0.339063846665825697e1;
pacejkaParam.qEz4 = 0.164755141111870729e0;
pacejkaParam.qEz5 = -0.968793770573581625e1;
pacejkaParam.qHz1 = -0.106709285011951892e-1;
pacejkaParam.qHz2 = -0.767395160043653126e-2;
pacejkaParam.qHz3 = 0.720767969228802485e0;
pacejkaParam.qHz4 = 0.934620620316319178e-1;
pacejkaParam.R0 = 0.228599999999999998e0;
pacejkaParam.pCx1 = 0.144094240439009846e1;
pacejkaParam.pDx1 = 0.235256495098335794e1;
pacejkaParam.pDx2 = -0.810191533417750187e0;
pacejkaParam.pDx3 = 0.108761875333064904e2;
pacejkaParam.pEx1 = -0.184214062456847347e-2;
pacejkaParam.pEx2 = 0.296190301240869093e-2;
pacejkaParam.pEx3 = 0.361681692585594542e-2;
pacejkaParam.pEx4 = 0.739065661693525016e2;
pacejkaParam.pHx1 = 0.851251478635585510e-3;
pacejkaParam.pHx2 = 0.906494654404505179e-3;
pacejkaParam.pKx1 = 0.540397564627929867e2;
pacejkaParam.pKx2 = -0.101430342064303437e-1;
pacejkaParam.pKx3 = 0.548143673871933856e0;
pacejkaParam.pVx1 = -0.868210803989276775e-1;
pacejkaParam.pVx2 = -0.261373983233011906e-1;
pacejkaParam.Fz0 = 0.889644000000000005e3;